1
0 0
0 1
1 0
1 2
2 1
2 2



1
3401 3922
1584 7681
5466 9249
59 9520
8529 9158
2553 3584
2450 7034
5024 8681
3201 4517
8144 9283
2737 7388
3102 3545
2011 2908
5581 7676
3166 4518
3308 9446
8008 8913
5030 6506
3954 4682
5210 7174
444 5383
4550 7043
18 6943
610 3447
3304 5713
2927 6646
4498 8568
4707 9650
4486 5968
4034 4747
4705 9566
898 5169
5576 9799
564 9378
3973 5384
9046 9870
1283 8276
2959 5903
553 6036
2935 8679
56 1867
742 2868
3578 4642
2328 7637
941 8711
5893 9143
2169 5419
6355 9603
3231 8309
2229 6190
3075 5507
2507 3806
3002 7012
7432 9624
6018 9840
461 7662
5179 6520
2858 4649
1272 8749
432 5582
5851 6939
3467 5715
268 8868
6750 7797
3651 6168
2368 9877
6809 9348
6574 8247
5492 7186
6009 9725
2912 8103
852 2107
4047 9104
1196 9240
806 4509
4191 4776
788 5190
3924 6260
5211 5445
2136 9571
3278 4273
2931 3974
7287 7892
3194 4961
6463 8648
1577 9342
4282 6891
741 3037
3007 3226
1486 3586
4107 8440
5735 8057
741 5809
328 8786
1939 2301
320 9088
3119 3634
848 7190
3200 4697
2271 9125
6440 6571
1006 5725
661 4151
6517 8084
6165 6309
626 2607
4747 7559
73 1155
5036 5964
7472 8553
1337 5139
2148 2713
1921 5977
7802 8063
3115 4546
1901 8861
5489 6657
1352 3752
319 6543
480 9087
5408 7968
7517 9850
3722 9002
4190 4833
1284 8860
1353 3566
5031 8400
1905 8621
5424 6856
4064 6746
7431 9392
96 3831
2284 8041
651 2466
7919 9160
2995 6098
3060 6201
351 3846
2322 4486
1249 9647
7972 9726
1310 1507
956 4233
6232 6956
3728 8922
3832 6622
9634 9917
4111 5239
2273 6433
1673 3816
4606 6644
3494 7534
6538 9088
2869 9300
6304 8333
5463 9244
923 3988
1852 3703
6732 9205
6374 7315
874 6798
5636 8055
3540 8397
3202 5194
408 1218
5653 9515
2583 8109
759 2535
3086 7495
5937 7604
5765 6330
4756 5634
450 6792
2410 4948
5400 9159
7020 7738
3955 6672
954 7556
8022 9520
1656 6481
3688 8481
4828 5748
1343 9532
7441 9113
3549 8219
2170 4182
923 5178
2173 9813
2840 6978
1739 6842
1690 1710
1392 9339
3149 5251
3544 4526
1322 8977
3929 6008
6249 7177
1561 6965
1595 5993
6598 9556
1132 8103
4302 4811
418 6637
1729 7244
1854 2404
9058 9164
5378 9904
1602 7235
2204 2863
2915 9744
1754 8423
1517 7200
3635 7711
7850 8234
3167 6637
1498 2148
1666 9981
7236 8428
1311 8484
1143 9224
3373 6906
4150 4685
5080 8437
1519 5186
561 8185
1515 6758
1665 9218
2394 6478
662 1330
52 7850
7791 9405
7539 9887
3250 3541
3136 9661
2033 7586
9318 9437
2019 5320
1697 7974
2119 4031
1440 5481
5792 6872
2970 4374
2331 9036
7169 7864
6272 7647
2771 5302
6791 9181
6111 8012
1341 8588
5009 5765
4579 8678
7129 8990
6647 9498
2723 8104
6505 6659
9551 9573
250 3219
124 9298
415 2380
3664 7213
5252 9919
688 9166
1432 1832
2541 4647
9289 9865
6549 6740
7198 8875
8662 9238
1307 9547
1405 1515
2597 9662
917 4253
9521 9837
4228 6780
662 9076
3488 7111
660 8302
7488 9726
300 9885
7558 9507
2682 3711
4601 6650
1029 7722
3447 5879
933 6717
4803 8100
4393 7254
1450 2912
3022 9943
3120 8362
6202 7097
4472 9053
4192 7847
1754 6107
1122 1508
4249 6626
3039 5861
51 6293
2916 8944
830 2782
972 6463
3204 9230
9357 9935
2301 6175
4834 6636
4471 6341
4189 4435
28 2248
451 6546
5059 6830
200 3053
6029 6577
5433 7386
115 6787
3345 5472
710 6864
6403 7247
65 2147
7105 7804
3419 9512
1947 4241
1930 9017
16 3791
45 8988
6166 7954
867 7526
616 3678
3299 4616
2894 4470
726 1764
2953 5513
5231 5256
1291 4961
983 3809
3961 8248
45 1646
1587 5994
3106 9034
3003 9865
6182 9426
6488 6979
1686 4470
3759 7675
807 7546
5749 6445
581 6871
2370 8871
603 7560
1224 3457
2901 5964
725 6311
7053 8456
371 4843
9868 9908
1265 7582
8271 9501
1577 4860
2589 5108
365 6024
4220 7700
4410 6516
2289 9088
5944 9546
3098 3835
5918 9307
179 6298
1950 2626
5957 9997
3684 5555
2545 5042
6117 9393
1822 2472
3784 8758
3148 6142
6746 8072
188 3162
2024 3678
2658 8789
650 4707
1899 3084
6102 8897
3566 5268
4127 9527
2905 6786
2338 7374
777 9185
4819 8007
1062 9369
3782 9259
2070 4853
1301 8490
2240 8317
6254 7263
8871 9986
5791 6080
1271 4672
2172 4534
9641 9966
57 1022
2553 9033
9922 9954
1669 9247
18 1201
3779 5207
92 5992
4377 4817
6028 8229
4673 5629
6304 7737
674 8476
5670 6505
1314 8569
247 2673
2417 6967
5885 7393
1320 1960
1722 4202
4556 9066
5146 5278
4307 5321
1202 6010
2374 9735
638 1690
4890 6016
5000 8688
399 8754
5098 8323
2406 9701
1894 5455
4177 4563
2450 7444
189 3898
3281 8619
1767 4887
3160 4139
2310 3539
2230 2511
3754 5417
2179 6785
2240 8035
607 1508
1269 9285
3246 8328
1213 1568
3368 3657
2848 2869
1990 3679
1945 7450
1582 7654
431 6677
672 2463
6524 9290
1510 9137
4636 9582
3470 5445
5755 8361
4761 5459
2355 7566
5383 7433
8551 8854
2932 4076
5558 5933
1790 7969
4785 8775
4324 9170
5834 7240
1313 4018
173 8945
5882 7873
2661 4000
5092 6917
2162 4631
3451 8854
7831 8715
320 4036
1116 6779
3640 8383
7604 9082
6205 9310
516 5969
609 8218
4121 7218
1147 6775
193 6536
2797 3560
46 5977
4153 5957
1426 9883
1295 5109
2429 7717
3590 7769
5182 9376
4008 8849
13 8552
1189 6026
4507 7358
958 3537
2905 9619
7775 9007
6448 8642